HEM Errors
MAE: 35.5689296858
Mean Error: 36.1426221001
RMS: 37.7957302925
R2: 0.978683146719

LM Errors
MAE: 41.8731002577
Mean Error: 42.2792271474
RMS: 56.9579080315
R2: 0.861127783296

Freidel Errors
MAE: 11.3177579061
Mean Error: -7.99793753359
RMS: 13.6949299994
R2: 0.9742106287
